118.25
120.6
121.65
121.75
121.9
123.025
124.725
126.5
127.2
128.8
132.225
133.0
134.05
134.7
145.39
156.425
156.45
156.475
156.55
156.575
156.6
156.625
156.65
156.675
156.7
156.8
156.95
157.0
157.1
160.59
160.74
160.92
161.49
257.8
444.1
449.075
450.0375
450.0875
450.1125
450.1375
450.4125
450.5125
450.5375
450.6125
450.65
452.6
453.225
453.25
453.65
457.525
460.05
460.075
460.15
460.175
460.225
460.3
460.35
460.4
460.45
460.5
460.525
460.5875
460.925
462.975
463.85
467.5
467.525
467.575
467.6125
467.75
467.775
470.025
470.05
470.0625
470.175
470.2375
470.4625
470.6625
470.8125
470.8625
470.8875
470.9125
470.9375
470.9875
471.0125
471.4375
471.5375
472.875
472.9625
475.35
482.025
482.0625
482.075
482.1625
482.175
482.275
482.3
482.85
482.9625
483.1625
483.1875
483.2125
483.2375
483.2875
483.3125
483.4625
483.5375
483.6375
484.4
484.8
856.7375
856.9875
857.7375
857.9625
858.7125
858.7375
858.9625
859.2125
859.4625
859.7375
859.9625
859.9875
927.0625
927.475
